2125.05503367 2909.32385097 5625.5537251 2762049.11877 6032.61713841 3239.11143593 2320.30633519 1857.82515228 1582.54903988 1369.37237477 1214.21046605 1087.67740112 980.233357958 886.515615431 803.353101038 728.780558521 661.511979481 600.645913364 545.497690919 495.505203658 450.17831041 409.073734954 371.78409333 337.934035602 307.179399377 279.207185894 253.735353334 230.512093482 209.314595299 189.947437383
1753.2037943 1996.06638334 2623.59019229 4772.4799766 114439.162354 5325.94612163 2778.47687324 1978.15571072 1599.24419679 1344.71991062 1176.29356088 1046.87926927 941.055233532 850.864349407 771.913634684 701.640994182 638.468119867 581.35761673 529.572177389 482.542211655 439.794280303 400.913982387 365.527935915 333.295778403 303.906953142 277.079425759 252.558910419 230.118003725 209.55505512 190.69280338
1609.50270428 1692.31038863 1895.90887494 2414.50650972 4161.04884634 52527.5626675 4718.21532998 2384.8892099 1707.30340318 1351.62506551 1150.97196301 1011.3900818 904.223038618 816.337058543 741.111864083 674.969681313 615.858001879 562.522980086 514.139204524 470.114513953 429.986283478 393.367146489 359.917550109 329.332539378 301.335713642 275.676503699 252.128775895 230.489818542 210.579330452 192.238313655
1530.25476356 1557.99684968 1634.74996306 1815.66494174 2265.86565207 3755.80564755 36586.8794328 4174.67343445 2097.83581085 1438.61423429 1154.74300482 987.526798796 872.30345819 783.969482247 711.306216096 648.804561076 593.559253151 543.936180148 498.948895046 457.949729038 420.471965059 386.148583563 354.670918419 325.768166371 299.197569009 274.739822802 252.196871906 231.390665952 212.162232572 194.370810843
1465.68049983 1472.21862073 1503.05637983 1578.895483 1749.35610389 2163.00605105 3516.74538669 33824.9413929 3873.41039527 1768.93295845 1232.95283325 990.942623913 851.375754108 756.27239241 683.533418962 623.521782351 571.631342769 525.496436825 483.81631116 445.81817946 410.998560644 378.994979948 349.521771729 322.338203102 297.232951508 274.01672453 252.518791598 232.585288751 214.078259122 196.874963478
1401.3467203 1399.28350075 1411.23158074 1446.67383993 1525.34893416 1694.53936648 2096.81374603 3417.36148669 27461.8688366 3177.58858101 1530.87913278 1063.40674269 856.242446181 739.137941829 660.301661768 600.207940104 550.512843059 507.326006005 468.700404952 433.590909354 401.388671958 371.702324738 344.25217427 318.818490186 295.216328842 273.283454458 252.874657286 233.859113676 216.119130894 199.549486907
1334.10080373 1328.81641625 1332.54162126 1350.28667097 1391.53194541 1476.03965873 1651.46714923 2064.12262315 3324.13189427 2957037.06112 2710.19049543 1329.07913489 924.37917818 746.342878141 647.282839825 581.376348992 531.360368228 489.949484742 453.809976175 421.309150781 391.590090168 364.164296215 338.723720294 315.051504994 292.979047198 272.365350209 253.087206543 235.034621862 218.108732654 202.220878802
1264.40979268 1258.45563162 1258.77484328 1268.28899665 1292.18124686 1340.30131052 1433.34636962 1621.99970992 2034.02550934 3654.75544102 26879.7568434 2278.66199908 1157.12187871 810.355125124 656.960385081 572.375864034 516.651280308 474.577220763 439.750034263 409.267399791 381.727575082 356.407518208 332.903496676 310.966761735 290.426192937 271.151315888 253.034564806 235.982847198 219.913617621 204.753124219
1193.75133625 1188.39866242 1187.6884811 1193.43869156 1208.74299666 1239.12692096 1295.19136191 1399.53889341 1594.86735538 2112.31132682 4109.68932261 10761.5502161 1898.29935236 1010.22330208 716.398804776 584.144283118 511.277150536 463.575682136 427.738842425 398.120417929 372.159168033 348.623292561 326.883361309 306.593546946 287.545789597 269.601061694 252.65638294 236.628884095 221.448149846 207.052622287
1123.67049736 1119.53426263 1119.00723853 1123.26495451 1134.26237249 1155.35524281 1192.60175882 1257.79138957 1369.05123445 1615.79667745 2214.20620343 5072.33678985 5944.36669143 1576.91578229 884.906089279 638.42143078 524.48630268 461.261329961 419.950322634 389.036791363 363.546763121 341.20018454 320.894627723 302.067067982 284.410939654 267.745490251 251.953603609 236.951604588 222.674449557 209.068482743
1055.44393973 1052.77339982 1053.02826202 1056.98070156 1065.90758377 1081.95426204 1108.8463154 1153.40335029 1224.50623526 1366.33435999 1647.55771002 2399.10856184 7478.67578657 3789.17101436 1313.68091495 778.429639259 573.202033111 475.199108539 420.060719934 383.935458517 356.958787268 334.767057773 315.323928567 297.631885361 281.177738383 265.682415711 250.983603918 236.979006424 223.598307865 210.789153292
989.990668769 988.824535343 990.116770668 994.370759615 1002.43058305 1015.70878395 1036.60823194 1069.35766981 1118.70184616 1209.95223667 1370.73070249 1711.60774466 2721.02736006 19244.9850436 2630.63042844 1102.14835348 688.371741123 518.262473729 434.091821972 385.851893856 354.029972628 330.260692351 310.73897436 293.648535129 278.083291607 263.570973156 249.853405282 236.781387665 224.262876299 212.236865145
927.888890671 928.146686092 930.536339611 935.373655578 943.211085924 954.988200745 972.298255913 997.886158987 1034.4009069 1097.86477486 1200.84355607 1392.40103271 1820.15693037 3306.40226074 20513.3756738 1936.38552284 933.705537082 612.467357278 471.704062783 399.488573791 357.208281629 329.035576488 307.934931509 290.610344157 275.448774375 261.628432827 248.713877166 236.464720644 224.742085155 213.461516654
869.435164126 870.973644523 874.411649893 879.929384454 887.874309319 898.865023181 913.968728327 935.016826805 963.490857924 1010.29230356 1081.44182138 1202.61918045 1435.22810382 1994.92929048 4530.88962047 5932.92029895 1488.79207556 799.834294673 548.613907383 432.064156101 370.12868854 333.037209935 308.013951972 289.178115612 273.692537146 260.132932074 247.757569179 236.166303569 225.135486489 214.535406743
814.713886138 817.36208031 821.742225613 827.933901183 836.135722376 846.739749805 860.454926022 878.517552481 901.708799852 937.866671231 989.81324882 1072.5348822 1216.48995401 1505.30348867 2278.25181433 8211.3836965 3256.95417919 1184.43580659 693.155830431 494.927000105 398.207399174 345.071411491 312.514084045 290.241707387 273.358535617 259.435412216 247.222387082 236.05430695 225.565784512 215.549854017
763.661493833 767.241916603 772.432159439 779.235725293 787.74047591 798.173635903 810.990948151 827.023312088 846.606424526 875.628686924 915.209027602 974.794967838 1071.28819729 1244.30871107 1612.56349171 2764.09476513 178352.401428 2158.648489 968.875793147 607.710105659 449.780788077 369.246355853 323.614992151 295.02138789 275.166770359 259.984405127 247.403217852 236.332532289 226.179961582 216.614391102
716.119077572 720.459913507 726.320850331 733.647171382 742.44285062 752.812343053 765.027154114 779.632018204 796.66594793 820.714957695 851.93031462 896.620442722 964.914859902 1078.05911381 1288.85655184 1774.03927504 3709.5429097 7849.19062264 1572.9702873 811.237708014 538.865905514 411.815247552 344.482630905 305.232209802 280.096333283 262.368902369 248.674189979 237.251820871 227.15482185 217.859053545
671.87225514 676.813737964 683.209024375 690.958564714 700.002026533 710.350826821 722.139341356 735.704517252 750.880628085 771.348786156 796.682738496 831.286634236 881.575366565 959.938822363 1093.43319206 1354.27571984 2021.12618736 6155.03159283 3618.70640937 1215.76608594 692.99672423 483.098599368 379.916694146 323.361813565 289.520898657 267.388338978 251.525950963 239.130306918 228.708083843 219.440373594
630.679649414 636.076823674 642.878601227 650.950897325 660.183751762 670.517213524 681.98181804 694.76023062 708.541643599 726.357478617 747.424121455 774.927505268 813.097351905 869.606263286 959.678650425 1118.22133649 1446.8055623 2418.22155051 24365.6666599 2273.69640767 979.330096157 602.535878067 437.750817482 353.183741844 305.438237309 276.166890661 256.625924131 242.386413541 231.116995006 221.552106835
592.292205493 598.015528759 605.106820943 613.405564301 622.763445529 633.065364866 644.262237673 656.420172788 669.123656602 684.92433911 702.812145799 725.159777229 754.840013639 796.820051405 860.254092568 963.925020402 1153.44828603 1576.10938858 3120.65258541 10674.3583442 1623.73103266 814.09187346 532.304732323 400.821889162 330.888803313 290.347257448 264.916763796 247.591818105 234.748092869 224.442582158
556.46563129 562.400364513 569.675693984 578.111173317 587.528984915 597.771305838 608.727506294 620.374490627 632.220365103 646.453656885 661.919202735 680.42755229 703.971931518 735.877674211 781.926060378 853.005563219 972.36345269 1200.32715979 1757.78780278 4620.48542194 4163.53249974 1247.01159594 694.212835677 477.245713447 370.798271717 312.441367999 277.783627723 255.558164545 240.104842062 228.442151475
522.967925667 529.012909326 536.377923659 544.86791383 554.28264053 564.431277576 575.15544513 586.363164475 597.506749985 610.493536052 624.076109644 639.664866571 658.662850061 683.353640846 717.52785341 767.852052753 847.228385276 984.473847966 1260.19142158 2018.4551262 9726.36718828 2523.06097394 1005.40039177 605.003802378 433.879652209 346.523197404 297.356144476 267.484979943 247.905931021 234.007162265
491.583535669 497.649716268 505.020307846 513.490077421 522.84213843 532.860412255 543.349513326 554.164009379 564.715738338 576.689864678 588.782078761 602.110780927 617.671647396 637.063248888 662.844849693 699.272059444 753.959220892 842.11300945 999.408538612 1334.3195847 2406.94177335 53954.9074149 1787.78925646 840.480521517 537.560922035 399.753021855 327.099237533 285.227163968 259.219613005 241.792637374
462.115285252 468.12420604 475.425418749 483.807267427 493.041011316 502.891613444 513.135209168 523.584860675 533.623673738 544.757782444 555.650584213 567.202714527 580.122035368 595.543393866 615.235389591 642.005655647 680.561691828 739.509436457 836.628104118 1015.84411049 1423.53133875 3022.21734956 6890.9120997 1378.3089644 723.429707222 486.211383 373.093034173 311.816990827 275.707844875 252.777885524
434.384888884 440.267264163 447.432158319 455.664732758 464.728442927 474.374496414 484.35743808 494.458246808 504.040505601 514.463362989 524.375569023 534.512179482 545.373732218 557.773532151 572.95689259 592.826620449 620.401849774 660.813075718 723.66551684 829.49962473 1031.81408682 1527.35260644 4096.21167364 3653.89363456 1123.2768603 638.477849296 447.191339623 352.587294426 300.103994121 268.496449033
408.23261159 413.927046762 420.895619153 428.923155037 437.768792195 447.174361457 456.878480599 466.637605525 475.803192199 485.611473731 494.709637868 503.704586124 512.945079698 523.016964578 534.810513947 549.64483763 569.515608736 597.608335374 639.425848689 705.521597713 819.229869543 1044.55922509 1642.47343961 6316.1823728 2499.50667244 954.233338358 576.336198357 417.91679286 337.24107569 291.48906531
383.516453063 388.968339531 395.686551076 403.458127942 412.04094821 421.171219679 430.576372172 439.994508712 448.771034962 458.037502868 466.449569952 474.513276974 482.464760978 490.726225599 499.942013388 511.044799375 525.388480723 545.018104265 573.231689965 615.825377024 684.168745051 804.180123283 1050.48307056 1760.31178355 12924.5948206 1925.87737763 838.69732942 531.230205995 396.562519407 326.284686866
360.111103088 365.271699558 371.690637909 379.159496927 387.437630606 396.258904543 405.34359951 414.416588021 422.822320325 431.60159452 439.426457288 446.722283236 453.640685361 460.484424272 467.724467562 476.032084027 486.347591333 500.022486897 519.107217289 546.949053504 589.526374506 658.797622663 782.741024732 1045.35978387 1864.16261351 166321.078401 1599.32653771 759.506146597 499.431331254 381.812009715
337.906824825 342.732528802 348.807720374 355.930674853 363.864719029 372.344302684 381.086066784 389.805982038 397.851926691 406.184573543 413.498866636 420.154613379 426.23938495 431.967652726 437.686272441 443.88641642 451.235820019 460.651788606 473.450285808 491.64366417 518.556927415 560.210227237 628.831325578 753.598122364 1024.95752805 1928.20188517 19913.9878477 1405.17695904 706.996735048 478.48504274
316.808359989 321.260171671 326.951052665 333.688010984 341.240671127 349.34673321 357.722310806 366.078200463 373.769563839 381.685057857 388.548049812 394.664169336 400.072073798 404.920226857 409.465398252 414.072664471 419.226653259 425.566351063 433.961633398 445.664827666 462.608633418 488.020207705 527.802401058 594.066739361 716.058547067 986.119309249 1922.80536724 11743.7247588 1295.63377059 675.648603243