1.97365348716e-07 1.75460779691e-07 1.80107359359e-07 0.0 1.9138436144e-07 1.60366649216e-07 1.75549061442e-07 1.82994407424e-07 1.7855408674e-07 1.76400376857e-07 1.79766830429e-07 1.85450835628e-07 1.80253171676e-07 1.78424925467e-07 1.77268476486e-07 1.78816807634e-07 1.76862088195e-07 1.73553385434e-07 1.80893309544e-07 1.76058348524e-07 1.76576295992e-07 1.82231534967e-07 1.80102165169e-07 1.76732735697e-07 1.76354872174e-07 1.76819671576e-07 1.8294620776e-07 1.84951328313e-07 1.82224589656e-07 1.79287449339e-07
1.90747818634e-07 1.8185489822e-07 1.79783876567e-07 1.88912052809e-07 1.6352841002e-07 1.85244777998e-07 1.84323079671e-07 1.7552183994e-07 1.85306894826e-07 1.79244311196e-07 1.7887588912e-07 1.780222665e-07 1.79907181249e-07 1.80150161558e-07 1.7703389886e-07 1.80869039111e-07 1.76454544952e-07 1.78658868672e-07 1.79839232708e-07 1.79951449095e-07 1.70330853012e-07 1.7818771052e-07 1.78425620381e-07 1.73146937768e-07 1.74745798536e-07 1.80240601306e-07 1.73711234326e-07 1.75387872917e-07 1.78550224184e-07 1.76747355137e-07
1.8872135103e-07 1.95585156683e-07 1.90643984514e-07 1.69763306091e-07 1.79497258739e-07 1.79556114784e-07 1.77733582348e-07 1.66681364569e-07 1.84594331738e-07 1.7333732254e-07 1.76632926047e-07 1.77106876217e-07 1.79380382385e-07 1.73737434152e-07 1.81917319941e-07 1.77458189962e-07 1.74901874685e-07 1.8444662615e-07 1.83329888672e-07 1.83822788819e-07 1.79472683007e-07 1.7584713933e-07 1.76087039234e-07 1.78799536826e-07 1.80091727436e-07 1.79274468798e-07 1.7990821328e-07 1.75096583075e-07 1.77096219992e-07 1.77570124254e-07
1.80531981337e-07 1.8326619564e-07 1.8935072452e-07 1.76209297763e-07 1.84854592444e-07 1.85423913648e-07 1.89043707993e-07 1.95645325723e-07 1.81443636184e-07 1.84260472871e-07 1.76401060454e-07 1.83187535292e-07 1.8422585877e-07 1.79882231478e-07 1.85158579577e-07 1.86639060574e-07 1.80160636501e-07 1.72669286276e-07 1.77843811847e-07 1.77322402999e-07 1.8597323027e-07 1.77700498298e-07 1.77933735221e-07 1.78885963597e-07 1.72536539821e-07 1.73036556397e-07 1.7618659332e-07 1.77215843801e-07 1.76083004086e-07 1.74096101492e-07
1.89932612483e-07 1.95342118016e-07 1.92004171112e-07 1.9477399425e-07 1.89910218966e-07 1.90173900508e-07 1.87557028629e-07 2.20961881197e-07 1.83667899757e-07 1.98196798892e-07 1.89601201218e-07 1.86505245226e-07 1.82456914126e-07 1.86221218735e-07 1.75082642874e-07 1.77721914337e-07 1.85861341535e-07 1.88344896685e-07 1.78253891802e-07 1.84164787014e-07 1.81453627951e-07 1.79071386895e-07 1.79325146959e-07 1.78109602326e-07 1.80034720364e-07 1.81451625049e-07 1.78233966893e-07 1.76241163602e-07 1.80307150199e-07 1.7309726511e-07
1.94212681205e-07 1.97834826194e-07 1.9560862155e-07 1.98949774494e-07 1.92208220283e-07 1.8843003542e-07 1.82589654663e-07 1.93807700231e-07 1.96446703218e-07 1.99823186613e-07 1.79481949482e-07 1.89109657847e-07 1.8468567431e-07 1.81835190403e-07 1.83576297362e-07 1.87848107195e-07 1.82175558424e-07 1.83218520338e-07 1.78757216606e-07 1.78023613696e-07 1.77070261089e-07 1.80600558018e-07 1.73648844146e-07 1.76486252513e-07 1.77582574491e-07 1.85702064872e-07 1.78356773835e-07 1.77073778674e-07 1.79725429095e-07 1.8582262191e-07
1.9215896474e-07 1.8958372833e-07 2.01482835714e-07 1.90141865581e-07 1.94336833211e-07 1.9656148115e-07 1.99402134373e-07 1.81286417683e-07 1.97782572173e-07 0.0 1.86162680374e-07 1.93313330847e-07 1.9044109964e-07 1.84794795712e-07 1.88002369901e-07 1.81793766255e-07 1.85783170082e-07 1.83354950483e-07 1.84757053239e-07 1.82568333041e-07 1.83657417178e-07 1.85421379078e-07 1.76368981634e-07 1.8235395267e-07 1.76493031394e-07 1.75654175778e-07 1.79498343396e-07 1.86576184938e-07 1.78543490964e-07 1.77765366626e-07
1.99324194157e-07 1.92671858136e-07 1.9794402859e-07 1.9384465395e-07 1.96115314075e-07 1.94184679479e-07 1.90993011703e-07 1.9135447001e-07 1.89000636719e-07 1.77516925729e-07 1.52425934042e-07 1.88228109299e-07 1.79578608059e-07 1.82554140036e-07 1.87026433619e-07 1.86922392689e-07 1.95113296746e-07 1.86540156366e-07 1.84607636881e-07 1.85832663588e-07 1.79215427844e-07 1.84239958842e-07 1.83613586794e-07 1.81817316402e-07 1.83073147495e-07 1.81237182582e-07 1.80551176009e-07 1.80582990231e-07 1.75776931649e-07 1.80083739452e-07
1.92564981218e-07 1.90939671568e-07 1.86198243067e-07 1.90353791072e-07 1.96859147915e-07 1.8835704634e-07 1.90316689438e-07 1.93379852721e-07 1.92328560871e-07 1.88663392381e-07 1.89294087186e-07 1.61992067284e-07 1.94426881037e-07 1.87266761752e-07 1.86976173263e-07 1.87846626882e-07 1.92561059332e-07 1.84722098485e-07 1.88716099751e-07 1.88788141588e-07 1.81967616584e-07 1.80800495844e-07 1.84231392461e-07 1.84124623088e-07 1.87658538511e-07 1.80149858397e-07 1.87083393967e-07 1.80192835072e-07 1.8152552344e-07 1.8642985434e-07
1.959303245e-07 1.96151706014e-07 1.9735343567e-07 1.95122475293e-07 1.97127690333e-07 1.92912509761e-07 1.95975167156e-07 1.91371419273e-07 1.90618755794e-07 1.8654485782e-07 1.91768520411e-07 1.90516449561e-07 1.91089031884e-07 1.87800728346e-07 1.84528183615e-07 1.82178422036e-07 1.85319410726e-07 1.85550120229e-07 1.86864029668e-07 1.8430974787e-07 1.89478157047e-07 1.83357649287e-07 1.79563874674e-07 1.92119093207e-07 1.88042129797e-07 1.81320541806e-07 1.85356981788e-07 1.81101042123e-07 1.80989539536e-07 1.86275834887e-07
1.95705990141e-07 1.95417779105e-07 1.83383994117e-07 1.94072885276e-07 1.9825496372e-07 1.98057625059e-07 2.0269222871e-07 1.93065693571e-07 1.8684451785e-07 1.89933800053e-07 1.89970284323e-07 2.03123575817e-07 1.99899595815e-07 1.77961854688e-07 1.82937524024e-07 1.92522164566e-07 1.9392195808e-07 1.844430266e-07 1.86122579929e-07 1.90280205518e-07 1.93345857553e-07 1.89301492391e-07 1.87741759374e-07 1.80887642539e-07 1.89585165737e-07 1.89238728864e-07 1.84998424661e-07 1.84514171165e-07 1.87844412838e-07 1.86805902912e-07
1.94886336882e-07 1.9006854081e-07 1.9380664659e-07 1.91408575728e-07 1.86685918003e-07 1.90564365519e-07 1.97838965936e-07 1.92569511323e-07 1.90779696001e-07 1.86264653454e-07 1.82467831502e-07 2.0132814988e-07 2.01716023097e-07 1.95534803055e-07 1.88097819556e-07 1.92276312194e-07 1.92040226522e-07 2.01370741866e-07 1.90909952665e-07 1.95728801562e-07 1.81429388901e-07 1.89034081651e-07 1.88103196968e-07 1.91394115597e-07 1.82216215684e-07 1.88292578304e-07 1.92008350285e-07 1.92041456176e-07 1.87546207295e-07 1.82040888542e-07
1.96795977558e-07 1.94980687414e-07 1.94006183092e-07 1.97881351915e-07 1.91530327639e-07 1.95904150267e-07 1.88761699555e-07 1.91684281929e-07 1.90767718883e-07 1.96543511107e-07 1.94272347709e-07 1.97921358663e-07 1.91788973391e-07 1.94542433454e-07 2.02907887742e-07 1.92250678056e-07 1.92012754605e-07 1.9391463964e-07 1.88013557514e-07 2.00085501377e-07 1.84511294435e-07 1.92968402137e-07 1.88009208734e-07 1.90694862463e-07 1.87632282373e-07 1.92119864998e-07 1.87994482936e-07 1.86643394677e-07 1.90294241064e-07 1.86534407477e-07
1.9530137004e-07 1.87917441493e-07 1.98147035619e-07 1.97355951682e-07 1.93003744294e-07 1.93014213777e-07 1.9019545862e-07 1.93653224037e-07 1.93334176481e-07 1.95795459073e-07 1.89486895346e-07 1.98042056534e-07 1.87788449264e-07 1.87703760216e-07 1.84568250041e-07 1.63856851477e-07 1.90439138845e-07 1.89444925481e-07 1.95277124866e-07 1.95891613762e-07 1.91283413263e-07 1.87796693932e-07 1.89405646729e-07 1.85671058905e-07 1.84225012352e-07 1.94191983263e-07 1.90155517825e-07 1.89443699401e-07 1.87436426136e-07 1.84713898343e-07
1.97988932377e-07 1.90175999955e-07 1.91709364575e-07 1.9078893229e-07 1.88671614985e-07 1.92998672197e-07 1.90648815858e-07 1.8376549061e-07 1.95313161169e-07 1.8897736935e-07 1.90354240693e-07 1.94436197803e-07 1.90022943419e-07 1.93886797369e-07 1.95654624353e-07 1.85865700004e-07 1.90415234301e-07 1.90629634816e-07 1.95010470723e-07 1.90594845608e-07 1.85997289726e-07 1.86457218942e-07 1.92995379375e-07 1.87174655162e-07 1.91443482793e-07 1.92168038287e-07 1.8296668465e-07 1.91232345646e-07 1.89673516598e-07 1.9039244755e-07
1.87198919484e-07 1.87506649058e-07 1.92578476774e-07 1.9195650667e-07 1.92699301042e-07 1.97265399402e-07 1.9194021908e-07 1.94529887255e-07 1.94615942901e-07 1.86009339845e-07 1.93476926209e-07 1.90401224775e-07 2.00191978616e-07 1.93355788976e-07 2.03951591298e-07 1.89747032735e-07 1.55591318886e-07 1.89941387298e-07 1.96906003823e-07 1.98059916721e-07 1.9670153559e-07 1.99829549273e-07 1.92890833829e-07 1.92628284503e-07 1.90179240383e-07 1.92305313905e-07 1.93043433668e-07 1.89119641076e-07 1.97972484477e-07 1.90465402027e-07
1.91068955704e-07 1.95997531393e-07 2.01222924892e-07 1.90790531978e-07 1.87992866817e-07 1.9200940166e-07 1.95074439937e-07 1.89609966403e-07 1.95244783156e-07 1.96533182215e-07 1.97098562154e-07 1.93907093381e-07 1.95175951822e-07 1.96268283857e-07 1.93909211199e-07 2.02008202935e-07 1.90720268967e-07 1.98170743135e-07 1.96225914457e-07 1.9463678783e-07 1.91983121907e-07 1.93792704266e-07 1.93638718943e-07 1.94118543551e-07 1.98478128666e-07 1.98635933929e-07 1.92165445792e-07 1.90848094696e-07 1.92502781164e-07 1.95379091472e-07
1.92567453824e-07 1.93135363112e-07 1.8741002506e-07 1.96198928267e-07 1.9079408319e-07 1.89923933482e-07 1.97935248246e-07 1.9949731464e-07 1.83974061161e-07 1.94806001657e-07 1.98406201838e-07 1.92548354225e-07 1.98936389866e-07 1.94788521426e-07 1.96719316004e-07 1.99052361865e-07 2.04399716695e-07 2.15501003681e-07 1.93190859952e-07 1.98233127278e-07 1.95681038546e-07 1.99231461247e-07 2.02160456543e-07 2.0149994536e-07 1.97970404688e-07 2.00313878686e-07 1.95358892725e-07 1.92354897232e-07 1.87442825717e-07 1.9785624176e-07
1.97409716208e-07 1.94214169998e-07 1.99940169765e-07 2.01649788225e-07 1.99144885146e-07 1.94104954746e-07 1.93648265882e-07 1.98316071949e-07 1.92801442838e-07 1.9441020656e-07 1.9949304937e-07 2.00448035991e-07 2.01381930356e-07 1.97625128986e-07 1.96962353646e-07 2.02534841842e-07 2.08155431448e-07 1.98597879426e-07 1.90333141442e-07 1.9672122531e-07 2.03185642168e-07 2.06303226898e-07 1.99026961921e-07 1.96115726947e-07 2.01848614519e-07 2.00934399813e-07 1.94374872017e-07 1.99979298865e-07 1.92290674676e-07 1.87658318466e-07
1.90927613906e-07 1.97793335005e-07 1.96284348869e-07 1.9314715397e-07 1.97614157476e-07 2.00980303805e-07 1.9854753503e-07 2.02324632203e-07 1.99092548355e-07 1.91192981696e-07 1.94879674194e-07 1.91312063887e-07 1.96239974383e-07 1.90166640444e-07 1.91552736979e-07 1.99513584305e-07 1.9930235781e-07 2.03748844985e-07 2.07272729433e-07 2.00906684195e-07 1.98886386832e-07 1.97673348888e-07 1.94689295871e-07 1.98499843318e-07 2.02360305738e-07 1.9993673358e-07 2.07037614365e-07 2.0317719931e-07 1.99533016389e-07 2.07399766866e-07
1.96781587541e-07 2.0099286273e-07 2.06153539894e-07 2.01376139151e-07 2.01953914414e-07 2.00131528915e-07 1.96722347004e-07 1.97371972645e-07 1.98635376889e-07 2.0135345348e-07 1.94234319202e-07 1.92558340756e-07 2.03130690541e-07 2.00440554067e-07 1.98902354611e-07 2.00506421489e-07 2.00873070338e-07 2.0648740935e-07 1.95386246599e-07 2.10204732669e-07 2.09682795284e-07 2.09009339814e-07 2.14495780263e-07 1.99865590841e-07 2.04105363251e-07 2.05652163678e-07 2.09233038018e-07 1.97707017221e-07 2.04931956325e-07 2.07695522284e-07
1.99547684e-07 2.03592419963e-07 2.0351848924e-07 2.00783200991e-07 1.99511890826e-07 2.07907829979e-07 2.00711688975e-07 1.99965205948e-07 2.13407729473e-07 1.99273589748e-07 2.0086486135e-07 2.09398999183e-07 1.93743699685e-07 2.04679369818e-07 2.08577454783e-07 2.09553955685e-07 2.02135881968e-07 2.01593907355e-07 2.10647420345e-07 2.08105562897e-07 1.82791025537e-07 1.95247729e-07 1.99352008936e-07 2.14686648254e-07 2.05290306258e-07 2.05293362465e-07 2.16429436045e-07 2.05888127611e-07 2.08017539012e-07 2.11106678139e-07
2.04028768529e-07 2.03069172267e-07 2.03697335226e-07 2.09391874822e-07 2.0304375475e-07 1.96087907515e-07 2.03443834042e-07 1.99632321301e-07 2.09814840515e-07 2.06360325691e-07 2.08412168038e-07 2.10180979172e-07 2.02507652817e-07 2.07721658965e-07 1.99782819354e-07 2.06720709098e-07 2.06462446628e-07 2.08135833578e-07 2.05601387431e-07 2.08290545328e-07 2.19983421463e-07 1.97392568747e-07 2.09363245668e-07 2.21111230001e-07 2.15622263718e-07 2.17584132614e-07 2.12158973802e-07 2.07652078065e-07 2.13522784095e-07 2.041352279e-07
2.0638231788e-07 2.12383373156e-07 2.03252311127e-07 2.05004386091e-07 2.12525545217e-07 2.06156627616e-07 2.10380505704e-07 2.06709617295e-07 2.1137619003e-07 2.08641887069e-07 2.07927897056e-07 2.09050491381e-07 2.13891616776e-07 2.09826194933e-07 2.02497023544e-07 2.02886018968e-07 2.0819248154e-07 2.15159329189e-07 2.13726746985e-07 2.12406255325e-07 1.96608944112e-07 2.17753380792e-07 2.09261781795e-07 2.14083048285e-07 2.08439716625e-07 2.14311914971e-07 2.14794616946e-07 2.1201204631e-07 2.16033517221e-07 2.20941459097e-07
2.09544200278e-07 2.04689827395e-07 2.10036307375e-07 2.10957323338e-07 2.10462161187e-07 2.08197587219e-07 2.12733138334e-07 2.08933531626e-07 2.05822455469e-07 2.07910288079e-07 2.17345694441e-07 2.13556373912e-07 2.1263662989e-07 2.19001053056e-07 2.12364882261e-07 2.16200147317e-07 2.15127107434e-07 2.17377020731e-07 2.16585166672e-07 2.16801606363e-07 2.19593893165e-07 2.27160811108e-07 2.26420973662e-07 2.23166082842e-07 2.22735787013e-07 2.29812765282e-07 2.20405361538e-07 2.22332339543e-07 2.14772783037e-07 2.18391097002e-07
2.14721363923e-07 2.10441698342e-07 2.08718653361e-07 2.16002077897e-07 2.1161387842e-07 2.11661756782e-07 2.11765354327e-07 2.14813973576e-07 2.09454003299e-07 2.19305739065e-07 2.15812352922e-07 2.20682403696e-07 2.16310407267e-07 2.10681829092e-07 2.22629331867e-07 2.1536034888e-07 2.1328194418e-07 2.25297892905e-07 2.20158107057e-07 2.23430853935e-07 2.2357499826e-07 2.32078379208e-07 2.16434713694e-07 2.40919384839e-07 2.27803944247e-07 2.25228095846e-07 2.19815248441e-07 2.20542805099e-07 2.32231205489e-07 2.24110146131e-07
2.09636244427e-07 2.16366442845e-07 2.20146520925e-07 2.1053064131e-07 2.09868767528e-07 2.14329974014e-07 2.24527099447e-07 2.22928769865e-07 2.2107268655e-07 2.20138638973e-07 2.22028789374e-07 2.16710520028e-07 2.19166590805e-07 2.22549557024e-07 2.19838109414e-07 2.24967630441e-07 2.23722802324e-07 2.2881714735e-07 2.26004705439e-07 2.24531899476e-07 2.25444350542e-07 2.27391788671e-07 2.28930535694e-07 2.22590741196e-07 2.5294906637e-07 2.30033324926e-07 2.27538120246e-07 2.2673735915e-07 2.31751823667e-07 2.33793320798e-07
2.14208377134e-07 2.27775751076e-07 2.1787345155e-07 2.21100070168e-07 2.11041757752e-07 2.21672850446e-07 2.23435775648e-07 2.2408059993e-07 2.23111065098e-07 2.22278519764e-07 2.24232278199e-07 2.26747338946e-07 2.24888062714e-07 2.23051477949e-07 2.23805733481e-07 2.24556150195e-07 2.31653825029e-07 2.29644890495e-07 2.26460224396e-07 2.23204476609e-07 2.30481035244e-07 2.36724980268e-07 2.38665991372e-07 2.36818010382e-07 2.32554734448e-07 3.28543082397e-07 2.40742400113e-07 2.45888037779e-07 2.25911342173e-07 2.31843377702e-07
2.18926577602e-07 2.23203091919e-07 2.26329026179e-07 2.23081864089e-07 2.27510402637e-07 2.2743765085e-07 2.3055264122e-07 2.29689073329e-07 2.3630041989e-07 2.24487141897e-07 2.34502242168e-07 2.2853767634e-07 2.30348046575e-07 2.37434804076e-07 2.39256694418e-07 2.41888560776e-07 2.3808377018e-07 2.35060824172e-07 2.32809679295e-07 2.37386194853e-07 2.32033603645e-07 2.36511654744e-07 2.41306559427e-07 2.40074731896e-07 2.46282739698e-07 2.36954678688e-07 2.0834093944e-07 2.24721785185e-07 2.45903226305e-07 2.48757816092e-07
2.33561770547e-07 2.32114708217e-07 2.27434821513e-07 2.24047548094e-07 2.27890500352e-07 2.30909753558e-07 2.25327928712e-07 2.30039700367e-07 2.32500060814e-07 2.28450770683e-07 2.3096463674e-07 2.3820827254e-07 2.37766243106e-07 2.39919481336e-07 2.31992753793e-07 2.33887808945e-07 2.45012268756e-07 2.4174549318e-07 2.39140692271e-07 2.45985099663e-07 2.47428310116e-07 2.40716177377e-07 2.45806613388e-07 2.51583417553e-07 2.46411098501e-07 2.58115559211e-07 2.52438564827e-07 1.92695264172e-07 2.50557246062e-07 2.52382915066e-07